32.015 -12.413  94.350
28.411 -13.685  93.802
25.748 -13.486  96.548
25.755 -16.745  98.519
22.303 -18.203  98.112
20.568 -21.369  99.283
19.011 -21.927  95.827
18.645 -20.286  92.339
19.000 -16.474  92.390
16.128 -14.641  90.678
17.133 -11.541  88.706
14.142  -9.348  87.923
14.082  -7.764  84.461
12.211  -5.015  82.602
12.846  -3.031  79.422
11.431   0.457  79.001
11.500   1.350  75.294
12.498   4.983  74.992
13.361   5.051  71.307
12.732   2.884  68.201
14.060   3.355  64.672
16.005   2.055  61.698
14.075  -1.088  60.974
16.093  -2.380  58.037
13.906  -4.634  55.931
16.981  -5.529  53.912
19.148  -6.556  56.866
16.410  -7.872  59.155
17.454  -5.600  62.022
16.322  -2.550  63.900
17.665  -0.084  66.428
16.276   0.486  69.886
17.053   2.644  72.916
15.507   1.740  76.308
15.859   1.217  80.076
17.147  -2.022  81.554
15.604  -2.764  84.953
17.361  -5.325  87.188
16.598  -6.378  90.782
18.032  -9.106  93.016
18.391  -9.878  96.737
22.004  -9.868  97.865
21.848 -10.469 101.625
25.439  -9.359 102.233
24.181  -5.902 101.208
21.697  -5.548 104.095
22.350  -2.442 106.177
20.450  -1.669 109.403
18.055   1.269 108.633
18.314   3.254 111.840
21.963   2.441 112.531
23.067   4.092 109.285
21.916   6.788 106.880
18.708   6.788 104.872
16.271   4.311 103.343
18.537   3.183 100.519
22.260   3.347  99.785
23.548   4.004  96.270
26.705   2.378  94.889
29.034   2.592  91.936
28.700  -0.507  89.713
32.210  -1.421  90.874
31.625  -2.307  94.540
28.506  -4.511  94.255
28.388  -7.909  92.602
26.138  -7.513  89.570
24.767 -10.158  87.157
26.082 -10.275  83.588
22.953  -9.924  81.509
23.936 -10.285  77.841
21.483  -9.686  74.981
21.250 -12.699  72.658
20.201 -11.435  69.226
22.323  -8.314  69.024
24.908  -7.495  66.356
27.282  -6.123  69.021
27.367  -5.438  72.759
24.821  -2.821  73.805
26.281   0.611  74.564
24.861   1.260  78.045
25.256   3.917  80.740
24.353   3.192  84.368
21.588   5.427  85.687
21.308   4.218  89.273
21.964   1.427  91.761
19.846   1.586  94.915
20.385  -1.128  97.531
17.344  -1.729  99.728
17.894  -2.451 103.450
16.929  -6.129 103.209
19.492  -6.490 100.439
17.221  -5.942  97.463
19.285  -4.171  94.777
17.683  -1.826  92.233
19.889  -1.632  89.172
18.953   0.626  86.232
20.716   1.352  82.962
19.849   3.005  79.670
21.217   0.913  76.807
21.271   1.439  73.058
21.715  -1.471  70.646
20.675  -2.788  67.247
18.775  -6.024  67.619
18.567  -8.745  65.009
15.191 -10.481  64.543
13.852 -12.072  61.276
10.895 -10.788  59.212
8.208 -12.621  57.191
7.638 -10.838  53.873
4.980 -13.413  53.030
2.265 -10.765  52.668
4.922  -8.103  52.157
3.125  -4.949  51.040
0.727  -5.487  53.931
2.292  -7.393  56.820
2.584  -7.553  60.571
5.895  -8.412  62.269
6.915  -9.460  65.781
10.337  -8.272  66.945
12.403  -9.993  69.650
14.982  -9.168  72.325
16.453 -11.940  74.391
18.504 -11.316  77.542
20.382 -14.416  78.641
22.394 -14.931  81.827
25.238 -17.397  82.411
25.471 -19.008  85.850
28.593 -19.692  87.950
28.975 -21.594  91.247
25.269 -20.707  91.676
22.264 -20.761  89.347
20.558 -17.637  87.993
17.026 -17.368  86.664
15.762 -14.182  85.089
12.133 -13.059  85.190
9.939 -10.104  84.230
8.642  -7.377  86.542
5.783  -6.047  84.433
5.959  -2.647  86.173
9.188  -2.059  84.220
8.367  -4.167  81.169
5.789  -1.484  80.359
8.631  -0.377  78.092
6.965   2.075  75.769
6.838   5.832  75.656
3.787   7.429  74.047
6.296   8.809  71.536
7.725   5.544  70.242
8.272   6.284  66.587
9.567   3.660  64.143
8.386   5.203  60.882
6.488   3.249  58.249
5.213   0.862  60.899
2.301   0.942  63.317
3.528  -0.266  66.704
1.049  -2.785  68.105
2.300  -3.965  71.523
5.471  -4.343  73.589
5.310  -7.233  76.057
7.494 -10.028  77.430
7.263 -13.811  77.835
7.150 -14.228  81.606
8.515 -17.789  81.605
12.235 -17.898  80.837
13.751 -20.688  78.798
16.566 -22.249  80.789
18.985 -23.806  78.310
22.177 -25.607  79.259
25.267 -24.369  77.459
28.848 -25.611  77.560
28.155 -26.888  81.069
26.388 -24.180  83.081
22.753 -23.441  82.488
21.515 -20.070  81.220
18.221 -18.200  81.480
16.792 -16.524  78.362
13.911 -14.003  78.299
11.728 -13.311  75.264
10.663  -9.667  74.867
8.218  -9.027  72.036
7.383  -6.067  69.856
4.470  -6.397  67.429
4.172  -4.067  64.452
2.017  -3.640  61.346
3.592  -2.067  58.291
1.913   1.103  57.080
1.258   0.144  53.466
-0.822   2.814  51.758
2.086   4.730  50.235
2.604   1.565  48.183
-0.582   2.217  46.221
0.005   5.663  44.626
3.677   4.788  44.026
3.739   1.117  43.108
0.341  -0.571  42.860
-1.604   2.038  40.902
1.219   3.307  38.661
2.116  -0.320  38.008
-1.472  -1.165  37.000
-2.002   1.821  34.728
0.911   0.727  32.533
-0.678  -2.738  32.389
-3.965  -1.285  31.183
-2.405   1.087  28.671
-0.543  -1.957  27.328
-3.726  -3.684  26.308
-5.452  -0.791  24.628
-3.641  -2.673  21.867
-6.736  -4.858  21.710
-8.560  -1.901  20.142
-5.756  -1.284  17.657
-5.019  -2.975  14.342
-1.499  -1.631  13.756
1.401  -3.939  14.584
3.829  -1.008  14.916
1.864   1.084  17.409
1.052  -2.228  19.116
4.635  -3.380  19.667
5.369   0.191  20.769
2.336  -0.040  23.059
2.738  -3.480  24.645
6.559  -3.402  24.779
7.069   0.125  26.125
4.896  -0.750  29.128
6.579  -4.121  29.599
9.714  -2.081  30.205
8.083   0.182  32.804
6.910  -2.923  34.676
10.562  -4.001  34.846
11.371  -0.530  36.129
8.824  -1.209  38.846
9.835  -4.860  39.328
13.442  -3.764  39.913
12.460  -0.832  42.138
10.548  -3.134  44.509
13.018  -6.006  44.154
15.535  -3.745  45.841
14.344  -2.667  49.309
13.635  -6.320  49.948
15.931  -9.325  50.846
16.294 -12.635  48.984
13.459 -14.592  50.567
13.546 -18.356  49.862
9.770 -18.164  49.569
7.458 -16.206  47.305
6.296 -12.751  48.371
2.681 -11.609  47.796
3.593  -8.495  45.831
6.381 -10.338  44.071
3.819 -12.880  42.992
1.419 -10.398  41.447
4.406  -8.511  40.038
5.627 -11.724  38.439
2.172 -12.795  37.283
2.011  -9.411  35.543
5.019 -10.485  33.472
2.802 -13.169  31.942
-0.014 -10.849  30.847
2.629  -8.906  28.920
3.797 -12.073  27.186
0.465 -13.461  26.016
-0.434  -9.866  25.186
2.512  -9.883  22.797
1.698 -13.451  21.689
-1.743 -12.153  20.718
-0.749  -8.943  18.898
1.969 -11.006  17.222
-0.746 -13.490  16.208
-3.487 -10.973  15.407
-0.896 -10.106  12.763
0.017 -13.458  11.225
-3.729 -13.698  10.589
-4.496 -10.215   9.238
-1.716 -10.574   6.667
-2.814 -14.160   6.012
-5.897 -12.762   4.245
-7.919 -14.184   7.124
-9.003 -11.002   8.975
-12.208 -12.889   9.698
-10.432 -14.896  12.375
-7.881 -12.264  13.341
-10.309  -9.623  14.602
-12.163 -12.441  16.331
-9.153 -13.137  18.559
-8.621  -9.438  19.276
-12.316  -9.141  20.115
-11.912 -11.921  22.655
-8.782 -10.483  24.254
-10.453  -7.217  25.272
-12.618  -9.266  27.648
-10.479 -12.312  28.415
-7.389 -10.466  29.612
-9.178  -8.088  32.064
-11.369 -10.867  33.435
-8.690 -13.522  33.803
-6.546 -10.910  35.543
-9.030  -9.638  38.131
-10.066 -13.274  38.358
-6.491 -14.453  39.004
-5.953 -11.825  41.723
-8.997 -12.971  43.675
-7.379 -16.371  43.402
-3.907 -15.154  44.282
-4.917 -12.707  47.031
-7.050 -15.399  48.641
-4.113 -17.781  48.276
-2.038 -15.511  50.539
-4.220 -13.651  53.019
-7.376 -15.768  52.675
-5.493 -18.884  53.772
27.088  12.052  96.852
24.244  14.496  95.922
23.987  17.996  97.479
21.779  17.821 100.568
18.853  20.098  99.904
15.723  21.110 101.803
13.587  20.785  98.645
13.840  20.107  94.838
17.242  21.016  93.356
17.037  23.289  90.294
19.553  22.565  87.547
19.852  25.457  85.098
20.165  24.503  81.413
21.127  26.138  78.122
22.190  24.872  74.688
24.363  26.989  72.425
24.140  25.628  68.895
27.579  25.796  67.325
26.983  23.492  64.370
24.008  22.009  62.457
24.016  19.521  59.595
22.952  16.173  58.149
19.204  16.550  58.330
18.192  13.176  56.912
14.708  13.440  55.499
14.783   9.683  54.992
15.734   8.800  58.568
13.998  11.676  60.347
17.197  12.739  62.108
19.808  15.448  62.101
23.215  16.157  63.559
24.040  18.992  65.917
27.078  20.281  67.811
26.562  22.760  70.695
27.347  23.920  74.239
25.618  22.435  77.285
25.249  24.966  80.113
24.484  23.628  83.606
24.277  25.494  86.951
23.221  24.405  90.436
23.783  25.430  94.063
25.720  22.844  96.014
26.202  24.409  99.457
28.928  21.961 100.487
31.010  23.639  97.788
31.000  27.093  99.430
34.502  28.405 100.051
35.210  31.636 101.960
36.406  34.250  99.383
39.108  36.014 101.348
40.253  32.961 103.289
41.235  31.142 100.092
42.340  31.938  96.557
40.316  33.791  93.946
36.692  34.454  93.041
35.953  30.974  91.714
37.571  27.553  92.033
37.730  25.148  89.081
37.376  21.374  89.461
37.774  18.212  87.460
34.379  16.578  86.806
35.502  13.806  89.159
35.533  15.597  92.535
32.180  17.440  92.362
28.777  15.785  92.390
27.243  16.522  88.995
23.718  15.831  87.705
23.203  13.165  85.052
21.526  15.038  82.240
20.601  12.535  79.528
19.210  13.571  76.144
15.887  11.847  75.358
15.520  11.669  71.584
19.078  10.744  70.662
20.177   7.659  68.706
23.156   7.204  71.057
24.826   8.940  73.995
26.206  12.362  73.079
29.976  12.522  72.621
30.863  15.415  74.956
34.050  17.059  76.213
34.044  19.140  79.414
35.067  22.739  78.835
34.930  24.135  82.362
33.567  23.777  85.882
33.626  26.980  87.943
32.328  26.798  91.514
31.036  30.119  92.840
31.730  31.015  96.499
28.103  30.601  97.597
28.189  27.130  96.079
26.796  27.955  92.663
28.474  25.608  90.157
29.024  26.610  86.520
29.314  23.485  84.406
29.972  23.716  80.654
30.471  21.040  78.008
30.548  20.911  74.230
28.575  17.893  73.030
27.970  16.407  69.596
25.037  14.084  68.919
22.512  13.099  66.285
19.008  13.863  67.469
15.870  12.092  66.353
12.776  14.232  65.770
9.889  13.470  63.282
9.069  15.486  60.144
5.741  16.349  58.467
6.053  15.973  54.672
2.440  17.061  54.333
3.353  20.035  52.127
6.672  18.388  51.293
8.210  20.407  48.465
7.485  23.516  50.520
7.376  22.829  54.258
8.446  24.123  57.632
9.686  21.773  60.371
10.255  22.112  64.130
13.117  20.044  65.551
13.360  18.902  69.176
15.971  18.104  71.827
14.866  16.891  75.216
17.208  16.693  78.221
15.726  14.613  81.027
17.079  14.118  84.522
16.468  11.175  86.863
16.170  11.937  90.590
17.579   9.970  93.537
17.073  10.456  97.300
16.253  14.060  96.267
14.218  15.605  93.469
15.722  17.456  90.499
13.987  19.973  88.274
15.687  21.357  85.204
15.043  24.836  83.834
16.250  27.201  81.104
18.624  30.136  81.555
17.876  32.062  78.369
21.323  33.707  78.467
22.725  30.333  77.395
19.711  29.066  75.465
20.593  31.741  72.905
22.171  28.706  71.245
22.833  29.901  67.738
25.930  31.115  65.987
25.457  33.507  63.078
27.047  30.741  61.012
24.567  27.971  61.707
24.417  26.169  58.386
22.105  23.197  57.788
21.953  23.279  53.991
18.708  23.169  52.058
16.837  24.649  54.987
16.273  28.169  56.242
16.761  28.220  60.021
13.909  30.133  61.637
14.424  30.167  65.422
16.134  28.261  68.240
14.304  28.538  71.560
13.309  26.418  74.561
10.104  25.608  76.453
10.779  27.176  79.853
8.366  24.908  81.758
9.744  21.382  82.164
7.484  18.360  82.030
7.978  16.340  85.185
7.060  12.747  84.391
7.240   9.877  86.858
9.180   6.870  85.631
9.762   3.482  87.237
9.360   5.171  90.615
11.438   8.381  90.715
10.230  11.432  88.843
12.191  13.001  85.989
12.354  16.488  84.475
12.251  16.900  80.699
13.093  20.104  78.770
11.830  20.828  75.248
14.306  22.736  73.062
12.953  23.791  69.667
14.479  24.486  66.283
12.200  25.825  63.542
13.205  25.516  59.902
11.724  26.155  56.461
12.892  24.010  53.577
14.481  25.897  50.722
12.366  24.623  47.846
13.197  26.479  44.636
15.716  23.956  43.304
12.689  21.652  43.060
11.253  23.717  40.198
14.002  23.607  37.513
14.752  19.955  38.393
11.409  18.383  39.207
8.395  20.651  38.786
9.143  22.263  35.414
10.865  19.297  33.729
8.024  17.129  34.994
5.410  19.491  33.513
7.045  19.893  30.110
6.816  16.135  29.502
3.127  16.355  30.440
2.541  19.085  27.873
4.543  17.423  25.114
2.429  14.320  25.791
-0.739  16.076  24.796
0.443  17.708  21.612
-1.102  14.400  20.546
-4.393  16.290  20.511
-3.152  18.084  17.383
-2.069  14.824  15.753
-4.106  12.263  13.834
-1.547   9.431  13.735
-1.951   6.612  16.227
1.709   5.601  15.927
3.302   8.978  16.613
0.609   9.372  19.287
1.410   6.203  21.242
5.070   7.161  20.840
4.160  10.646  22.077
1.866   9.914  25.038
3.688   6.748  26.177
7.296   7.973  25.971
6.408  10.844  28.311
4.452   8.561  30.620
7.770   6.792  31.149
9.664  10.001  31.945
7.021  10.827  34.556
7.815   7.469  36.178
11.483   8.411  36.011
10.522  11.520  37.940
8.021   9.741  40.211
10.738   7.270  41.217
13.400   9.972  41.595
11.273  11.893  44.108
9.842   8.740  45.720
13.369   8.017  46.891
14.719  10.845  49.087
11.491  10.587  51.018
10.221   8.087  53.691
7.057   5.965  53.642
4.567   8.439  55.058
1.220   6.899  56.096
-0.413  10.042  54.717
-0.416  11.658  51.307
2.292  14.169  50.414
1.468  17.340  48.436
3.966  16.693  45.647
3.166  12.994  45.700
-0.442  13.935  45.165
0.130  16.073  42.100
2.668  13.511  40.897
0.062  10.793  41.249
-2.722  12.911  39.767
-0.415  13.354  36.761
-0.547   9.579  36.260
-4.258   9.970  35.503
-3.876  12.624  32.779
-1.583  10.144  31.022
-4.217   7.432  31.227
-7.229   9.329  29.905
-4.811  10.857  27.396
-4.168   7.335  26.156
-7.872   6.440  26.504
-8.604   9.360  24.176
-5.951   8.723  21.500
-6.934   5.051  21.680
-10.548   6.167  21.157
-9.865   8.926  18.626
-8.728   5.873  16.676
-11.581   3.399  17.064
-13.663   6.231  15.588
-11.426   7.385  12.725
-11.204   3.819  11.429
-14.921   3.359  12.109
-15.621   5.661   9.147
-16.926   8.164  11.677
-14.203  10.860  11.593
-17.045  13.308  12.147
-17.187  12.334  15.803
-13.537  11.385  16.203
-12.035  14.805  15.487
-14.773  16.254  17.670
-13.379  14.421  20.703
-9.801  15.422  19.889
-10.989  19.007  19.453
-12.456  18.892  22.935
-9.377  17.366  24.559
-7.066  20.229  23.569
-9.103  22.447  25.902
-10.517  20.014  28.463
-7.219  18.473  29.538
-5.321  21.775  30.132
-8.281  23.360  31.903
-9.214  20.413  34.086
-5.549  20.160  35.048
-4.864  23.761  36.045
-8.351  23.620  37.528
-7.550  20.493  39.568
-4.326  22.030  40.888
-6.118  25.078  42.247
-8.346  22.521  43.935
-5.499  20.331  45.114
-3.130  23.133  46.133
-5.905  24.781  48.102
-6.691  21.392  49.627
-3.196  21.311  51.167
-1.913  24.797  51.903
-5.222  26.679  51.651
-6.709  24.575  54.453
45.914  25.577  87.157
46.450  28.331  84.506
49.724  30.300  84.245
49.421  33.463  86.335
49.881  36.334  83.933
49.847  40.114  84.222
47.732  40.450  81.047
46.226  38.370  78.146
48.125  35.121  77.463
49.111  34.655  73.807
48.869  31.094  72.488
50.770  30.680  69.233
49.110  28.493  66.587
50.025  26.730  63.337
48.482  23.947  61.261
50.626  21.755  59.049
48.378  19.983  56.545
49.633  16.438  56.135
46.607  14.936  54.405
43.489  16.187  52.560
40.587  14.148  51.168
36.879  13.392  51.080
35.548  16.754  49.999
31.834  15.960  49.947
30.086  18.369  47.610
26.803  16.922  48.828
27.453  17.433  52.536
29.624  20.552  52.316
32.445  18.935  54.290
35.922  17.570  53.885
38.464  15.536  55.797
41.887  16.732  56.825
44.895  15.403  58.744
47.544  17.855  60.012
49.864  19.099  62.785
48.644  21.454  65.500
51.408  23.773  66.720
50.912  25.541  70.074
53.325  27.749  72.080
52.873  29.809  75.239
55.012  31.250  78.045
54.223  29.683  81.398
56.724  31.245  83.815
56.163  28.660  86.547
57.779  26.233  84.083
61.160  28.011  84.008
64.016  25.717  84.982
67.611  26.952  85.432
69.649  25.603  82.432
72.910  24.719  84.143
71.374  23.662  87.457
69.388  20.883  85.768
69.583  18.640  82.725
69.530  19.781  79.107
68.195  22.641  76.993
64.548  21.627  77.161
62.462  19.361  79.381
59.686  17.204  77.928
56.421  16.509  79.766
53.359  14.322  79.547
50.270  16.419  78.711
49.066  15.630  82.235
51.523  17.638  84.353
51.551  20.982  82.483
48.605  23.334  82.227
47.619  23.378  78.558
45.073  25.581  76.721
41.835  24.047  75.462
41.898  24.815  71.763
38.605  23.609  70.251
37.938  23.644  66.498
34.770  25.576  65.640
33.409  24.173  62.390
33.965  20.489  63.017
31.305  17.763  62.974
32.907  16.125  66.028
35.935  16.531  68.283
39.212  16.017  66.418
40.927  12.675  67.061
44.423  13.838  68.054
47.591  12.191  69.367
50.241  14.237  71.192
53.598  14.224  69.424
55.701  16.314  71.806
55.746  18.913  74.567
59.067  20.716  74.995
59.301  23.346  77.735
61.912  26.004  77.063
64.000  27.322  79.978
62.312  30.733  80.092
58.988  28.941  80.318
58.126  28.863  76.630
56.193  25.631  75.988
56.291  23.893  72.601
53.175  21.763  72.215
52.642  19.627  69.097
49.858  17.235  68.133
48.746  15.472  64.982
44.964  15.686  64.689
42.476  14.227  62.229
38.994  15.703  61.791
36.299  16.389  59.243
35.703  20.101  58.909
32.468  21.710  57.817
32.735  24.734  55.522
30.102  25.857  52.890
30.578  25.802  49.093
29.327  28.132  46.315
28.116  26.093  43.341
27.317  29.341  41.533
29.673  28.512  38.661
29.518  24.836  39.570
31.134  22.922  36.735
34.005  25.384  36.945
34.417  26.906  40.414
36.942  27.867  43.036
36.257  27.313  46.746
37.817  28.554  49.997
37.779  26.131  52.940
37.919  27.184  56.589
39.163  25.884  59.951
38.539  27.924  63.047
40.268  27.204  66.370
38.592  29.034  69.240
39.748  29.276  72.850
37.619  29.940  75.936
39.166  32.035  78.711
38.947  31.538  82.494
40.173  33.751  85.349
42.585  35.075  82.683
42.206  36.070  79.031
43.635  34.064  76.126
44.383  35.331  72.642
45.465  32.981  69.879
47.727  33.994  67.013
49.540  32.496  64.037
53.225  31.582  63.838
53.659  31.412  60.075
56.631  29.037  60.427
54.088  26.346  61.377
51.128  27.660  59.401
53.095  26.625  56.319
50.759  23.635  56.659
51.099  21.885  53.346
53.049  18.874  52.210
54.065  18.738  48.554
51.869  15.638  48.449
48.587  17.189  49.520
46.071  15.318  47.408
42.347  16.113  47.505
41.313  14.591  44.174
39.223  16.456  41.634
40.439  19.766  42.975
43.527  21.878  42.365
44.815  23.131  45.722
45.596  26.839  45.451
46.916  28.074  48.837
46.831  27.272  52.555
47.164  30.364  54.745
45.723  31.867  57.920
44.126  35.151  58.992
46.703  36.566  61.403
44.230  38.731  63.325
41.959  36.681  65.575
38.352  37.609  66.118
37.709  37.975  69.821
34.017  37.300  70.436
32.374  37.321  73.852
30.365  34.220  74.662
28.171  33.402  77.646
30.360  35.743  79.673
34.043  35.014  78.982
35.593  36.140  75.741
36.990  33.718  73.156
39.616  33.995  70.425
38.887  32.543  66.978
41.428  31.988  64.185
40.538  31.717  60.499
42.645  29.233  58.520
42.006  29.218  54.780
42.353  26.676  52.021
41.699  27.808  48.445
40.897  25.258  45.749
39.818  25.200  42.110
37.725  22.296  40.903
39.252  20.280  38.103
36.417  20.414  35.586
37.484  18.878  32.268
36.114  15.406  32.952
32.730  17.154  32.862
33.048  17.746  29.126
33.453  14.217  27.672
30.931  12.854  30.201
28.311  15.541  30.607
28.744  18.610  28.409
29.546  16.982  25.063
27.336  13.888  25.374
24.544  16.164  26.565
24.974  18.458  23.537
25.121  15.708  20.929
21.659  14.488  21.948
20.439  18.080  21.606
21.783  18.296  18.071
20.522  14.884  17.009
17.114  16.020  18.300
16.886  18.796  15.774
17.944  16.894  12.705
14.144  16.745  12.766
14.257  20.076  10.972
15.479  18.210   7.889
12.750  15.583   8.199
9.126  15.685   7.083
7.845  12.603   8.932
5.950  13.171  12.165
6.657   9.632  13.390
10.443   9.634  12.993
10.307  13.199  14.342
8.513  12.412  17.609
10.870   9.431  17.914
13.760  11.810  17.206
12.924  14.825  19.391
11.363  12.802  22.230
13.978  10.054  22.556
16.665  12.688  23.087
14.477  14.669  25.485
14.617  11.541  27.639
18.405  11.259  27.499
18.642  14.895  28.621
16.593  13.913  31.684
18.998  11.032  32.179
21.737  13.641  32.217
19.726  16.205  34.214
19.126  13.586  36.923
22.724  12.332  36.845
24.080  15.817  37.549
21.215  16.767  39.879
22.524  14.076  42.199
26.134  14.757  43.252
25.003  18.258  44.107
23.039  19.739  47.098
19.786  21.728  47.060
21.166  25.219  46.494
18.630  28.033  47.071
20.190  29.767  44.079
20.608  28.778  40.455
23.713  26.874  39.385
25.494  27.665  36.092
25.284  24.139  34.698
21.812  23.703  36.140
20.839  26.805  34.219
22.063  25.640  30.828
20.710  22.176  31.641
17.320  23.704  32.360
17.465  26.058  29.388
18.044  22.930  27.289
14.640  21.677  28.453
13.086  24.599  26.555
14.759  23.894  23.207
13.209  20.424  23.431
9.771  21.923  24.000
9.674  24.463  21.179
11.354  21.783  19.075
8.316  19.626  19.734
5.989  22.635  19.353
7.500  23.111  15.889
7.411  19.519  14.630
3.905  19.315  16.085
3.077  22.477  14.115
5.017  21.642  10.949
2.398  18.880  10.936
-0.880  20.706  11.509
0.198  22.684   8.433
1.382  19.896   6.121
-1.910  18.047   6.614
-3.786  21.344   6.324
-2.966  21.342   2.596
-0.728  24.326   3.311
2.772  22.815   2.865
3.724  26.210   1.468
3.834  27.634   4.980
4.787  24.435   6.778
8.170  23.886   5.133
8.749  27.604   5.574
8.682  27.206   9.367
10.908  24.124   9.262
13.298  26.030   6.996
13.511  28.754   9.621
14.041  26.399  12.557
17.235  24.896  11.122
18.844  28.321  11.574
16.847  29.882  14.413
17.329  27.093  16.947
21.145  26.766  16.566
21.658  30.526  16.561
19.346  31.384  19.439
21.034  28.609  21.426
24.686  29.566  20.925
23.405  33.123  21.247
21.658  32.390  24.558
24.774  30.698  25.965
26.935  33.746  25.306
24.242  35.601  27.203
23.990  33.023  29.973
27.709  32.320  30.317
28.417  36.038  30.500
25.596  36.338  33.028
27.526  34.025  35.396
31.258  34.327  34.871
31.300  37.592  32.909
29.621  39.431  35.784
62.685   9.008  78.832
64.561   8.249  75.553
67.646   5.973  75.459
70.776   8.096  75.846
72.798   7.567  72.716
76.094   8.889  71.373
74.583   9.407  67.885
71.354   8.800  65.834
69.238   5.901  67.145
68.309   3.342  64.476
64.801   1.888  64.748
64.419  -1.260  62.661
61.110  -1.664  60.815
59.142  -4.372  59.008
55.525  -4.825  57.930
54.022  -8.285  57.549
50.836  -7.998  55.506
48.261 -10.337  56.999
45.162  -8.978  55.264
44.348  -6.736  52.263
40.945  -5.489  51.103
38.627  -2.613  50.282
40.621  -0.917  47.580
38.272   1.962  46.807
38.904   3.177  43.273
36.538   6.052  43.976
38.252   7.255  47.154
41.831   6.288  46.286
42.258   4.236  49.472
42.514   0.684  50.679
42.411  -1.267  53.895
45.256  -3.372  55.258
45.965  -5.486  58.337
49.592  -6.439  59.143
52.425  -6.839  61.684
54.608  -3.907  62.719
58.150  -5.020  63.575
60.335  -2.600  65.565
63.818  -3.114  67.073
66.228  -0.723  68.790
69.164  -0.881  71.222
68.352   0.736  74.541
71.453   0.149  76.682
69.705   0.991  79.957
67.706  -2.177  79.332
70.711  -4.536  79.494
70.306  -7.242  82.111
73.057  -9.747  82.994
71.990 -13.170  81.557
73.179 -15.480  84.330
72.486 -13.070  87.181
68.780 -12.958  86.326
66.128 -15.121  84.692
66.119 -16.276  81.087
67.411 -15.189  77.698
64.959 -12.334  77.207
62.667 -10.315  79.463
59.206  -9.238  78.326
57.652  -5.894  79.287
54.356  -4.073  79.119
54.547  -1.160  76.648
54.281   1.141  79.675
57.667   0.580  81.370
60.009   0.780  78.346
60.646   3.906  76.307
59.269   3.181  72.840
59.537   5.218  69.618
56.424   6.939  68.252
56.145   5.543  64.765
53.271   7.328  63.018
51.968   6.281  59.595
51.982   9.198  57.138
49.302   8.516  54.515
46.560   7.175  56.750
43.034   8.581  57.122
43.183   8.041  60.898
45.484   6.545  63.541
46.005   2.811  63.075
44.080   0.609  65.515
46.900  -1.568  66.883
47.264  -4.208  69.591
50.671  -5.045  71.067
51.680  -8.661  70.506
55.039  -8.775  72.288
58.020  -6.818  73.593
61.155  -8.895  74.137
64.237  -7.111  75.499
67.504  -8.797  74.551
70.303  -8.862  77.136
72.502  -6.344  75.302
69.555  -3.990  75.311
68.140  -4.866  71.906
64.347  -4.508  72.137
61.995  -6.587  69.972
58.685  -4.768  69.642
55.795  -6.327  67.691
52.261  -5.118  67.056
49.400  -6.058  64.769
47.825  -2.914  63.356
44.816  -2.335  61.120
44.400   0.898  59.162
43.100   2.312  55.895
45.919   3.811  53.894
45.570   6.584  51.337
47.637   6.317  48.159
46.732   7.740  44.668
45.843   5.683  41.554
46.570   6.269  37.848
43.489   5.393  35.786
45.422   6.294  32.652
44.974   2.808  31.172
42.026   2.196  33.481
40.362  -0.996  32.291
43.800  -2.592  32.269
46.196  -0.954  34.729
48.855  -1.655  37.292
49.055   0.334  40.541
51.700   0.782  43.255
50.385   1.360  46.783
52.333   3.122  49.553
52.682   3.109  53.328
54.985   5.603  54.975
56.013   5.357  58.641
57.608   8.566  59.886
59.290   9.214  63.220
59.725  12.551  64.988
62.952  13.084  66.938
63.432  14.738  70.343
66.648  15.613  72.235
68.149  12.820  70.064
67.848  11.884  66.401
65.992   8.792  65.156
66.467   7.058  61.828
64.203   4.241  60.753
65.319   1.382  58.510
64.040  -1.896  57.077
64.847  -5.392  58.338
63.885  -7.429  55.276
63.278 -10.534  57.422
60.110  -8.794  58.649
59.390  -6.737  55.543
58.547 -10.052  53.870
55.040  -8.844  54.758
52.817 -11.095  52.723
50.811 -14.169  53.571
50.168 -16.644  50.762
46.503 -15.785  51.328
46.665 -12.066  50.662
43.378 -11.417  48.925
42.421  -7.968  47.614
39.765  -8.976  45.088
39.745  -7.715  41.520
43.486  -7.163  41.642
46.496  -9.399  41.110
49.043  -8.650  43.842
52.484  -8.302  42.286
55.036  -7.583  45.053
55.302  -6.139  48.564
58.667  -4.531  49.246
60.174  -1.484  50.963
62.560   1.337  50.052
65.555   0.631  52.289
66.827   4.240  52.326
64.660   6.493  54.482
63.989  10.085  53.529
64.978  12.308  56.418
62.926  15.500  56.163
63.147  18.378  58.615
59.823  19.474  60.018
58.920  22.359  62.318
62.440  22.100  63.729
63.271  18.447  64.486
64.059  16.098  61.639
61.931  13.056  60.845
62.596   9.735  59.118
60.118   8.420  56.541
60.021   4.887  55.110
58.430   3.978  51.772
56.721   0.574  51.721
55.429  -0.502  48.300
52.646  -2.761  47.080
52.374  -3.420  43.352
49.125  -4.675  41.864
47.618  -5.332  38.439
43.874  -4.970  38.019
42.079  -8.097  36.891
40.260  -6.734  33.861
38.548  -9.547  31.950
35.139  -9.166  33.596
35.101  -5.788  31.818
34.736  -7.486  28.434
31.513  -9.546  28.781
29.913  -6.728  30.812
31.153  -3.504  29.289
33.368  -3.872  26.230
31.443  -6.489  24.245
27.902  -5.431  25.195
28.918  -1.854  24.463
30.260  -2.818  21.016
27.276  -4.909  19.977
24.952  -1.914  20.372
27.387   0.084  18.222
27.228  -2.511  15.453
23.471  -2.944  15.630
23.260   0.846  15.282
24.863   0.797  11.874
22.896  -2.004  10.325
21.079   1.200   9.365
23.502   1.362   6.458
21.618  -1.580   4.931
18.252   0.060   5.524
16.409   2.680   3.478
13.701   3.622   5.995
14.199   6.802   8.007
11.836   5.637  10.759
13.414   2.249  11.494
16.760   4.047  11.107
16.155   6.732  13.741
14.743   3.950  15.933
17.876   1.927  15.148
20.663   4.505  15.533
19.028   6.434  18.405
17.903   3.509  20.573
21.499   2.265  20.682
22.846   5.761  21.292
20.820   5.603  24.493
22.244   2.243  25.595
25.746   3.637  25.081
24.831   6.410  27.547
23.568   3.699  29.887
27.015   2.183  29.600
28.842   5.541  29.670
27.082   6.408  32.940
27.582   2.934  34.417
31.362   3.148  33.961
31.519   6.888  34.748
30.418   5.956  38.247
32.886   3.549  39.900
35.597   5.948  38.831
36.805   9.360  40.245
37.034  12.704  38.429
40.469  12.380  36.878
41.907  15.650  35.493
43.279  13.573  32.629
41.648  11.355  30.041
41.126   7.674  30.802
41.714   4.981  28.137
38.240   3.477  28.364
36.697   6.907  28.776
38.402   7.858  25.546
37.031   5.002  23.448
33.691   5.427  25.219
33.675   9.086  24.245
34.958   8.421  20.732
31.977   6.055  20.396
29.704   9.053  20.965
31.021  10.434  17.677
30.255   7.365  15.559
26.660   7.729  16.759
26.541  11.346  15.633
27.933  11.012  12.117
25.839   7.849  11.904
22.804  10.048  12.497
24.224  12.783  10.244
24.395  10.165   7.482
20.941   8.584   7.899
19.585  12.119   8.228
21.385  12.959   4.965
20.702   9.674   3.169
17.179  11.041   3.556
17.412  14.630   2.337
18.766  13.006  -0.828
16.297  10.145  -1.316
13.379  12.573  -1.067
15.280  15.060  -3.232
14.653  12.756  -6.198
18.389  12.085  -6.197
18.540   8.460  -4.953
21.482   8.097  -7.310
23.691   9.954  -4.848
21.860   8.932  -1.693
22.466   5.191  -1.921
26.024   6.024  -2.926
26.652   7.600   0.486
24.994   4.708   2.324
27.086   2.295   0.264
30.208   4.082   1.441
29.205   4.165   5.110
28.978   0.376   5.432
32.737   0.263   4.834
33.940   3.660   6.056
32.451   3.483   9.540
33.773  -0.017  10.460
37.215   0.701   9.015
37.662   4.177  10.469
36.590   2.744  13.820
38.899  -0.276  14.004
41.455   2.059  12.448
40.937   4.731  15.126
41.265   2.163  17.924
44.657   0.988  16.693
45.527   4.672  16.789
43.974   5.293  20.188
45.127   2.058  21.842
48.645   2.688  20.615
48.334   6.261  21.886
47.857   4.922  25.436
49.642   1.617  25.925
51.914   1.750  22.875
53.503   4.982  24.116
54.398 -14.258  83.104
53.686 -17.490  81.092
53.095 -20.868  82.825
56.411 -22.704  83.119
56.021 -25.909  81.197
58.250 -28.878  80.386
57.050 -28.909  76.737
54.524 -27.221  74.339
51.463 -25.765  76.102
48.141 -26.908  74.635
45.394 -24.268  74.530
41.973 -25.802  73.967
39.659 -23.883  71.621
35.964 -23.828  70.701
33.660 -21.358  68.945
29.943 -21.312  69.669
28.202 -19.376  66.901
25.460 -17.291  68.464
24.770 -14.965  65.556
25.474 -14.845  61.786
24.682 -12.058  59.318
25.856  -9.529  56.756
27.430 -11.847  54.236
28.624  -9.293  51.696
28.974 -10.962  48.328
30.545  -7.748  47.056
33.202  -7.481  49.751
33.740 -11.203  50.396
33.075 -10.824  54.132
30.526 -11.657  56.766
29.695 -10.814  60.350
29.556 -13.288  63.192
28.931 -13.239  66.940
29.956 -16.283  69.041
31.599 -17.746  72.182
35.354 -18.254  72.440
36.242 -21.239  74.626
39.811 -21.485  75.924
41.352 -23.991  78.381
44.941 -24.576  79.518
46.784 -26.090  82.492
48.723 -23.489  84.454
50.204 -25.393  87.405
51.029 -22.255  89.376
47.271 -21.812  89.649
46.661 -25.051  91.591
44.871 -24.435  94.870
44.257 -27.172  97.467
40.475 -27.960  97.405
39.797 -28.481 101.091
42.310 -25.927 102.337
40.501 -23.094 100.539
37.019 -22.222  99.328
35.041 -24.101  96.701
35.634 -26.306  93.667
36.818 -23.528  91.357
38.133 -19.995  91.820
37.170 -17.190  89.422
39.582 -14.428  88.402
39.606 -11.130  86.583
41.493 -11.437  83.266
44.165  -9.220  84.838
45.691 -11.538  87.466
46.072 -14.767  85.428
48.437 -15.213  82.506
46.254 -15.725  79.442
47.245 -16.673  75.873
46.933 -14.087  73.113
44.633 -15.737  70.610
44.367 -13.479  67.556
41.964 -14.174  64.672
43.767 -14.312  61.324
41.285 -13.359  58.611
39.533 -10.494  60.369
39.234  -6.899  59.107
39.881  -5.591  62.638
40.366  -6.890  66.174
37.300  -8.691  67.515
35.234  -6.708  70.027
35.016  -9.197  72.912
33.689  -9.180  76.468
34.922 -11.727  79.025
32.150 -13.931  80.370
34.044 -16.069  82.870
37.397 -17.439  83.996
37.187 -20.519  86.219
40.464 -22.013  87.475
40.237 -25.723  88.264
42.128 -27.065  91.305
44.742 -28.920  89.266
45.426 -25.666  87.448
43.127 -26.162  84.481
41.794 -22.723  83.484
38.378 -22.278  81.864
38.353 -19.041  79.895
35.213 -17.887  78.064
34.469 -14.779  76.041
31.750 -13.620  73.693
33.327 -11.905  70.693
31.875 -10.103  67.697
33.902  -9.613  64.514
33.603  -9.426  60.748
35.596 -12.207  59.147
37.085 -12.135  55.679
36.925 -15.326  53.620
36.759 -15.572  49.743
33.773 -16.815  47.727
33.553 -18.815  44.464
30.866 -17.346  42.193
31.625 -20.036  39.628
28.066 -21.375  39.714
26.851 -18.073  41.146
23.056 -18.149  41.021
23.241 -21.592  42.620
26.379 -22.082  44.721
27.670 -23.457  47.981
30.366 -21.638  49.980
32.684 -22.577  52.842
33.547 -19.788  55.280
36.680 -19.717  57.455
37.876 -18.389  60.807
41.472 -18.889  61.819
42.722 -18.307  65.379
46.515 -18.123  65.513
48.743 -17.943  68.585
52.252 -16.507  68.823
54.695 -18.267  71.164
57.257 -16.716  73.531
59.962 -18.374  75.672
57.680 -21.453  75.389
55.720 -23.030  72.547
51.927 -22.925  72.247
49.750 -25.287  70.252
46.039 -24.717  69.905
43.493 -27.497  69.482
39.738 -28.066  69.307
37.480 -29.295  72.094
34.465 -30.392  70.055
32.153 -29.942  73.072
32.534 -26.188  72.510
33.121 -26.237  68.756
29.458 -27.256  68.497
29.148 -23.541  67.785
25.681 -23.208  66.372
22.406 -22.096  67.853
19.243 -23.523  66.315
18.492 -19.897  65.428
21.543 -19.145  63.313
20.135 -16.898  60.622
22.278 -15.570  57.771
19.528 -14.698  55.282
19.591 -15.809  51.672
21.787 -18.756  52.577
21.102 -22.245  53.894
23.628 -23.002  56.626
25.046 -26.482  56.085
27.544 -27.265  58.885
29.861 -25.557  61.360
32.928 -27.621  62.203
36.668 -27.224  62.793
39.884 -28.755  61.462
41.245 -30.586  64.513
44.881 -30.513  63.365
46.443 -27.048  63.691
48.929 -25.779  61.144
52.058 -24.703  62.975
53.771 -22.067  60.840
57.002 -20.315  61.781
56.820 -16.539  61.595
59.512 -13.923  62.114
61.255 -16.388  64.424
58.732 -17.916  66.856
56.297 -20.521  65.615
52.530 -20.001  65.648
49.525 -22.335  65.759
46.599 -21.727  63.389
43.151 -23.362  63.623
40.751 -23.684  60.679
37.071 -23.324  61.618
34.646 -24.005  58.769
31.143 -22.864  57.929
29.440 -24.418  54.900
26.512 -22.681  53.246
24.332 -23.049  50.159
22.823 -19.940  48.598
19.052 -19.890  48.479
18.560 -19.199  44.776
14.881 -19.420  43.858
14.140 -15.703  44.178
16.500 -15.373  41.201
13.956 -17.033  38.913
10.854 -14.793  39.197
13.094 -11.690  39.318
15.977 -12.396  36.978
15.805 -15.690  35.096
12.177 -15.704  33.973
11.751 -11.954  33.364
15.035 -12.017  31.490
13.878 -14.928  29.287
10.474 -13.491  28.456
12.092 -10.412  26.896
14.277 -12.787  24.859
11.243 -14.621  23.522
9.246 -11.482  22.834
12.275 -10.276  20.871
12.022 -13.097  18.382
8.323 -12.964  17.694
9.973 -10.827  15.011
10.390 -14.057  13.082
6.627 -14.030  12.507
6.671 -10.401  11.394
7.514  -8.890   8.013
7.797  -5.228   9.049
11.277  -3.818   9.562
9.975  -0.995  11.778
8.012  -3.071  14.288
10.932  -5.517  14.115
13.665  -3.060  15.076
11.267  -1.794  17.755
10.740  -5.418  18.803
14.283  -6.820  18.802
15.959  -3.601  19.990
13.590  -2.642  22.824
14.184  -6.043  24.430
17.927  -5.836  23.849
17.774  -2.806  26.131
15.837  -4.605  28.873
18.468  -7.357  28.819
21.079  -4.662  29.526
18.843  -3.439  32.327
19.034  -6.973  33.675
22.722  -7.448  32.807
23.584  -4.285  34.781
21.257  -5.171  37.668
23.009  -8.509  38.206
26.461  -7.129  37.357
26.134  -5.006  40.475
25.668  -7.156  43.606
28.622  -9.156  42.395
32.457  -8.520  42.507
34.923  -8.454  39.603
35.748 -12.143  39.331
38.792 -12.938  37.141
36.852 -15.964  35.939
33.514 -16.374  34.198
30.366 -16.754  36.280
27.605 -19.212  35.289
24.822 -16.634  35.168
27.144 -14.089  33.621
27.851 -16.606  30.908
24.249 -17.222  29.967
23.600 -13.497  30.385
26.420 -12.766  27.965
25.454 -15.549  25.576
22.025 -13.897  25.479
23.710 -10.789  24.045
24.572 -12.861  20.974
21.034 -14.073  20.249
20.043 -10.405  20.141
22.765  -9.654  17.619
22.128 -12.426  15.113
18.434 -11.709  15.678
19.104  -8.196  14.416
21.467  -9.520  11.726
18.554 -11.643  10.509
15.766  -9.033  10.554
18.260  -6.626   8.982
18.882  -9.295   6.317
15.294 -10.496   5.957
14.971  -6.916   4.734
17.810  -6.520   2.242
16.154  -9.519   0.568
12.480  -8.512   0.672
13.316  -5.170  -0.938
15.687  -6.937  -3.333
12.625  -8.381  -5.094
13.732 -11.762  -3.781
11.053 -12.487  -1.135
11.432 -16.104  -2.191
14.672 -16.356  -0.254
13.851 -13.774   2.403
10.877 -15.546   3.971
12.908 -18.741   3.731
15.468 -17.339   6.169
12.777 -16.048   8.529
11.096 -19.450   8.345
14.340 -21.056   9.466
14.968 -18.617  12.318
11.733 -19.458  14.138
13.155 -22.953  14.702
16.923 -22.403  14.658
17.051 -19.703  17.321
14.931 -21.532  19.956
16.698 -24.834  19.352
20.250 -23.533  19.270
19.473 -21.642  22.470
17.983 -24.465  24.544
20.685 -26.570  22.921
23.462 -24.162  23.958
22.197 -24.055  27.553
22.383 -27.825  27.936
25.927 -27.388  26.684
26.682 -24.425  28.919
24.923 -25.695  32.040
26.705 -29.016  31.693
29.951 -27.118  31.178
29.568 -25.601  34.666
27.710 -27.932  37.001
28.001 -31.126  34.938
31.793 -30.965  35.066

============

27.050  -7.794  -8.669
28.978  -4.629  -7.779
28.246  -1.545  -5.699
25.049   0.448  -6.110
25.859   3.782  -7.853
25.166   7.288  -6.353
21.849   9.160  -6.993
23.908  12.397  -6.711
27.553  11.755  -5.845
27.063  10.671  -2.130
29.002   7.955  -0.209
27.145   4.705   0.471
26.103   4.507   4.139
26.119   1.094   5.735
24.198   0.929   8.974
25.542  -1.492  11.491
24.597  -3.139  14.761
26.104  -5.809  16.989
23.975  -7.736  19.456
25.978  -9.972  21.863
24.610 -13.382  22.484
27.679 -14.868  24.327
30.856 -13.636  26.071
33.480 -16.026  27.270
37.170 -16.663  27.862
38.435 -13.259  28.775
42.066 -14.436  28.874
44.273 -11.941  30.816
47.561 -13.301  29.682
46.742 -13.357  25.891
44.611 -10.190  26.200
41.816 -11.703  24.137
38.105 -12.630  24.641
35.589 -14.649  22.651
32.320 -13.284  21.364
29.192 -14.680  19.772
26.685 -12.186  18.283
24.305 -10.901  15.605
25.883  -8.427  13.193
23.285  -6.446  11.297
23.935  -4.405   8.121
21.615  -2.084   6.241
21.984   0.035   3.116
20.087   1.318   0.078
20.485  -0.480  -3.257
18.107   1.091  -5.822
18.596  -1.573  -8.502
16.625  -3.701  -6.049
13.669  -1.265  -5.528
10.287  -2.503  -6.635
6.571  -1.649  -6.728
4.610  -3.184  -3.804
1.444  -3.223  -5.979
2.467  -5.084  -9.234
4.544  -7.731  -7.367
2.108  -8.614  -4.543
4.609  -8.873  -1.641
5.888  -6.056   0.658
9.318  -7.584   1.336
11.820  -9.528  -0.762
14.213 -12.307   0.227
17.612 -13.019  -1.280
20.444 -15.488  -0.965
23.845 -13.849  -0.225
25.339 -14.487  -3.689
22.341 -13.057  -5.545
22.938  -9.358  -4.514
25.774  -6.972  -3.627
26.735  -7.035   0.034
29.375  -4.761   1.468
32.481  -6.465   2.800
32.512  -5.516   6.526
35.443  -6.934   8.487
36.636  -6.655  12.115
39.974  -5.008  12.722
41.187  -6.631  15.983
40.465 -10.271  15.436
42.796 -13.273  15.159
41.092 -14.774  12.158
38.254 -13.814   9.940
35.077 -14.297  12.022
32.863 -17.366  11.544
29.583 -16.302   9.978
26.166 -17.740   9.042
23.979 -15.501   7.080
20.678 -15.605   9.004
18.488 -13.610   6.662
18.493 -10.907   3.933
15.359  -8.745   3.444
14.748  -6.086   0.783
11.866  -3.654   1.094
10.113  -1.864  -1.851
12.310   1.196  -2.061
15.304  -1.207  -2.165
16.393  -0.964   1.457
18.376  -4.106   2.350
18.346  -5.608   5.882
21.175  -8.102   6.383
21.559 -10.292   9.471
24.375 -12.726  10.318
25.317 -14.694  13.405
29.065 -14.786  13.987
31.712 -15.866  16.483
35.203 -14.492  16.823
38.322 -14.184  19.003
38.998 -10.513  19.590
42.374  -8.934  20.565
42.009  -6.067  22.977
44.693  -4.720  25.317
43.990  -4.518  29.124
45.303  -1.998  31.585
46.687  -4.058  34.445
47.707  -1.136  36.623
44.988  -1.681  39.247
44.722  -5.465  39.172
42.801  -7.105  40.606
40.587  -4.039  41.273
40.628  -2.987  37.617
38.111  -2.158  34.874
38.563  -2.461  31.193
37.034  -1.267  27.961
36.894  -4.061  25.425
36.639  -2.960  21.766
35.209  -4.530  18.666
36.223  -2.407  15.613
34.032  -2.816  12.471
35.643  -1.624   9.248
34.969  -1.261   5.500
37.154  -0.339   2.561
35.854   1.782  -0.303
35.683   0.335  -3.770
36.649   2.055  -7.012
33.202   3.344  -8.155
32.292   4.687  -4.694
33.002   5.450  -1.049
31.431   3.395   1.666
30.937   4.769   5.142
29.704   3.159   8.388
27.067   4.204  10.856
25.460   2.829  14.067
21.770   2.074  14.133
21.316   2.288  17.934
18.160   0.349  17.567
20.246  -2.701  16.944
23.101  -2.484  19.422
22.559  -4.589  22.485
23.185  -7.775  24.425
20.939 -10.405  25.905
20.398 -10.487  29.710
22.213 -13.797  30.449
25.469 -12.632  28.809
27.753 -13.328  31.753
31.553 -13.169  31.436
33.144 -15.286  34.177
34.924 -13.268  36.937
33.816  -9.983  35.409
30.820  -7.640  35.732
29.406  -6.279  32.550
28.714  -2.509  32.741
27.574  -1.594  29.172
27.822  -2.265  25.398
27.639   0.936  23.339
29.092   2.200  20.044
30.852   5.450  19.423
28.391   6.754  16.723
30.811   8.731  14.581
33.221   6.548  12.437
36.940   7.306  12.211
37.523   7.779   8.478
41.053   7.545   7.050
43.124   6.585   4.079
44.903   3.269   3.881
46.965   2.508   0.814
45.056   5.049  -1.238
41.528   4.025  -0.446
39.210   5.323   2.145
38.551   3.099   5.083
35.561   3.711   7.511
35.940   2.274  11.073
33.527   2.027  14.066
34.290   1.401  17.764
31.882  -0.821  19.731
32.833  -0.781  23.434
32.167  -3.354  26.059
32.618  -2.009  29.594
33.550  -4.485  32.244
34.950  -4.566  35.728
36.744  -7.439  37.464
35.163  -9.293  40.364
37.927  -8.922  42.837
36.153 -10.827  45.567
37.909 -14.155  45.397
41.423 -12.638  45.218
40.809 -11.747  48.883
40.584 -15.210  50.480
42.743 -16.938  47.810
45.792 -14.634  47.638
45.659 -11.431  49.609
44.811 -12.636  53.104
47.008 -15.773  52.917
49.827 -13.567  51.828
49.220 -11.214  54.797
48.883 -14.126  57.284
52.257 -15.555  56.369
53.810 -12.097  56.682
52.317 -11.523  60.156
53.526 -14.981  61.184
56.975 -13.730  60.206
56.733 -10.907  62.678
56.377 -13.229  65.596
60.101 -13.447  65.351
60.073 -10.075  67.104
58.893 -11.726  70.319
61.524 -14.472  70.152
65.156 -14.483  71.354
65.858 -17.773  69.533
68.027 -17.195  66.458
67.509 -20.636  65.220
63.701 -20.321  65.616
63.637 -16.911  63.964
65.709 -17.911  61.028
63.125 -20.632  60.503
60.098 -18.373  60.818
61.410 -15.745  58.480
62.874 -17.919  55.767
59.956 -20.359  55.644
57.370 -17.692  55.239
59.590 -15.899  52.690
59.436 -19.073  50.717
55.640 -19.191  50.924
55.648 -15.614  49.745
57.695 -16.544  46.685
55.085 -19.180  45.925
52.267 -16.611  45.960
54.413 -14.348  43.884
55.013 -17.025  41.285
51.285 -18.017  41.309
50.112 -14.431  40.820
52.606 -13.735  38.037
51.587 -16.839  36.005
48.085 -15.383  35.706
49.173 -12.014  34.374
51.039 -11.068  31.233
54.292  -9.179  31.580
53.734  -5.460  31.626
56.151  -2.585  31.234
54.599  -0.900  34.303
54.223  -1.991  37.948
50.749  -3.336  38.770
49.028  -2.698  42.119
49.312  -6.331  43.362
52.703  -6.440  41.719
53.837  -3.578  43.892
52.466  -4.936  47.185
54.073  -8.273  46.439
57.457  -6.621  45.691
57.413  -4.338  48.665
56.737  -7.275  50.890
60.117  -8.813  49.885
61.682  -5.708  51.311
59.987  -6.451  54.551
61.375  -9.969  54.663
64.852  -8.831  53.923
64.756  -6.211  56.700
63.235  -8.759  59.121
66.172 -11.063  58.363
68.600  -8.230  59.046
66.893  -7.531  62.375
66.978 -11.199  63.262
70.643 -11.238  62.366
71.594  -8.091  64.312
69.657  -9.170  67.395
71.509 -12.480  67.460
74.833 -10.926  66.762
74.505  -8.486  69.628
73.391 -11.268  71.951
76.484 -13.375  71.144
78.667 -10.347  71.781
77.256  -9.996  75.182
75.015  -6.996  74.702
71.330  -8.170  75.004
70.110  -4.790  76.064
70.700  -3.097  72.656
69.310  -6.163  71.000
66.322  -6.015  73.331
65.471  -2.534  72.360
65.963  -3.004  68.649
63.477  -5.928  68.846
61.143  -3.840  70.979
61.178  -1.074  68.413
60.569  -3.533  65.541
57.373  -4.866  67.112
55.859  -1.463  66.455
57.907  -0.170  63.514
57.190  -3.111  61.169
53.414  -3.114  61.403
53.273   0.716  61.385
55.586   1.248  58.362
53.825  -1.624  56.598
50.524   0.180  57.077
51.918   3.591  56.128
53.569   2.195  52.991
50.297   0.564  51.969
48.264   3.755  52.332
50.865   5.534  50.229
50.521   2.807  47.519
46.690   2.810  47.412
46.917   6.522  47.118
49.379   6.373  44.176
47.335   3.670  42.434
43.817   4.645  43.060
12.920 -22.874  -1.513
11.375 -20.555   1.124
8.959 -21.253   3.992
5.708 -23.179   3.559
2.697 -20.845   3.656
-0.193 -20.945   6.205
-3.474 -22.805   5.539
-5.157 -20.207   7.820
-2.801 -17.672   9.382
-1.093 -20.033  11.970
2.627 -20.063  12.884
4.785 -22.932  11.531
5.432 -25.511  14.286
8.805 -27.275  14.283
8.921 -30.285  16.470
12.366 -30.961  17.939
14.175 -33.613  19.913
17.677 -34.175  21.119
19.096 -37.621  21.779
22.514 -37.676  23.517
24.986 -40.227  22.281
28.090 -38.849  24.053
28.986 -36.513  26.974
32.511 -35.437  27.770
34.834 -32.725  28.981
32.741 -30.988  31.608
35.377 -28.393  32.253
34.795 -26.653  35.584
37.117 -23.697  35.000
35.706 -22.823  31.487
32.165 -23.780  32.428
31.582 -25.743  29.270
30.868 -29.353  28.222
31.006 -31.262  24.955
28.030 -33.072  23.504
27.460 -35.454  20.645
23.780 -36.122  19.720
20.873 -36.698  17.321
18.877 -33.517  16.600
15.478 -34.327  15.116
13.229 -31.816  13.363
9.670 -32.297  12.022
7.259 -29.918  10.303
4.464 -29.827   7.698
5.293 -28.672   4.248
2.217 -29.074   2.039
4.067 -28.209  -1.139
5.684 -31.540  -0.731
2.732 -33.792  -1.024
2.866 -36.709  -3.450
1.060 -39.823  -4.608
2.637 -43.203  -3.623
0.803 -44.658  -6.660
1.950 -42.025  -9.199
5.551 -42.045  -7.828
6.194 -45.665  -6.764
7.554 -44.913  -3.301
5.782 -44.841   0.217
8.213 -42.237   1.502
10.404 -39.815  -0.373
13.994 -39.165   0.565
15.286 -35.703  -0.118
18.706 -34.145  -0.030
19.084 -31.081   2.208
19.301 -28.499  -0.568
16.274 -29.855  -2.464
13.718 -28.628   0.187
13.172 -25.846   2.734
14.603 -26.634   6.113
14.170 -24.405   9.075
17.283 -22.782  10.437
17.490 -24.101  14.022
20.507 -22.848  16.004
21.849 -23.396  19.541
22.069 -20.324  21.742
24.833 -21.203  24.222
27.467 -22.695  21.940
31.041 -21.520  21.169
30.737 -22.183  17.480
28.052 -23.244  15.137
27.641 -26.992  15.784
29.158 -29.675  13.518
26.332 -31.409  11.741
25.888 -34.404   9.496
22.483 -34.763   7.916
21.590 -38.399   8.540
18.258 -38.612   6.715
15.295 -36.574   5.436
11.908 -38.380   5.072
8.684 -36.907   3.630
5.386 -38.785   4.088
2.804 -38.143   1.228
0.890 -35.508   3.265
4.035 -33.598   3.334
5.160 -34.139   6.946
8.983 -33.849   6.964
11.162 -35.889   9.340
14.701 -34.509   9.548
17.585 -36.252  11.402
21.124 -34.910  11.957
24.038 -35.952  14.096
25.928 -33.108  15.628
28.705 -32.283  18.102
29.109 -29.070  19.979
30.842 -27.281  22.839
28.153 -25.830  25.097
28.503 -22.836  27.518
26.640 -23.287  30.732
27.309 -21.665  34.122
27.828 -23.851  37.238
27.020 -22.983  40.772
30.173 -23.741  42.757
28.701 -22.919  46.213
28.641 -26.533  47.418
31.758 -27.900  45.683
32.657 -30.605  45.691
29.242 -31.831  46.880
27.361 -29.866  44.198
24.777 -30.572  41.482
24.200 -28.704  38.291
21.639 -28.337  35.560
23.270 -28.061  32.190
21.184 -26.428  29.427
21.122 -26.778  25.691
18.926 -23.960  24.233
17.433 -24.519  20.738
16.314 -21.434  18.927
14.661 -20.306  15.662
14.061 -16.866  14.169
10.885 -16.060  12.191
11.171 -15.195   8.547
9.237 -12.484   6.779
6.281 -14.499   5.325
5.659 -16.385   8.632
6.365 -17.111  12.277
8.107 -20.276  13.267
7.673 -21.736  16.671
9.343 -24.692  18.368
7.970 -27.698  20.249
9.327 -30.780  21.933
8.276 -34.199  20.652
8.864 -36.128  23.967
9.097 -39.242  21.994
12.445 -38.194  20.652
14.143 -36.738  23.677
16.558 -39.176  25.386
20.066 -40.467  25.901
21.779 -43.817  25.408
22.591 -45.950  28.488
26.420 -45.780  28.169
26.473 -41.930  28.237
28.886 -41.473  31.130
30.336 -38.103  32.012
33.592 -38.560  33.922
33.385 -37.530  37.579
29.674 -36.817  37.411
26.419 -38.808  37.836
23.773 -38.217  35.249
20.355 -37.814  36.810
18.134 -36.968  33.787
17.725 -35.363  30.358
14.375 -33.601  29.782
13.005 -30.573  27.913
10.870 -27.786  29.163
7.960 -28.306  26.719
6.763 -24.679  26.499
9.048 -22.395  24.368
10.013 -18.909  25.454
8.867 -16.638  22.600
10.182 -13.073  22.396
11.164 -10.320  20.045
14.762  -9.748  19.059
15.560  -6.918  16.704
12.084  -6.870  15.266
11.422 -10.500  14.526
10.005 -13.232  16.607
12.432 -15.747  18.131
11.221 -19.138  19.618
13.597 -20.768  22.169
13.551 -24.213  23.944
15.360 -25.243  27.177
16.806 -28.794  27.198
18.145 -29.713  30.671
20.743 -32.207  31.662
20.815 -32.822  35.408
24.014 -34.037  36.926
25.692 -34.390  40.277
29.409 -34.519  41.080
30.936 -37.711  42.408
32.626 -36.277  45.440
34.192 -39.551  46.441
37.733 -38.984  45.364
37.984 -35.500  46.893
37.983 -37.299  50.236
41.244 -39.272  50.071
42.977 -36.816  47.648
42.327 -33.491  49.355
40.098 -33.356  52.380
41.724 -35.995  54.589
45.325 -35.074  53.714
44.432 -31.558  54.568
42.985 -32.664  57.896
45.976 -34.873  58.720
48.390 -32.048  58.272
46.198 -29.794  60.437
46.062 -32.404  63.244
49.790 -32.867  63.026
50.122 -29.124  63.741
48.168 -29.501  66.945
50.796 -31.841  68.364
52.614 -28.588  69.121
50.196 -28.351  72.109
51.957 -31.295  73.715
55.439 -29.873  73.285
57.454 -27.304  75.301
60.034 -26.936  72.544
59.630 -23.567  70.781
61.978 -24.530  67.949
60.137 -27.790  67.432
56.729 -26.155  67.496
57.712 -23.421  65.109
58.737 -26.173  62.743
55.588 -28.226  63.153
53.308 -25.272  62.638
55.043 -23.479  59.820
55.755 -26.623  57.875
52.194 -27.905  57.863
51.006 -24.336  57.086
53.026 -24.544  53.979
51.567 -27.919  53.004
48.182 -26.309  53.482
49.073 -23.537  51.116
49.956 -26.280  48.597
46.523 -27.851  48.877
44.934 -24.397  48.666
46.792 -23.646  45.466
45.953 -27.108  44.047
42.258 -26.827  44.784
41.996 -23.248  43.394
43.669 -24.220  40.054
40.772 -26.622  39.396
37.968 -24.094  40.016
37.106 -20.837  38.316
37.193 -17.604  40.301
33.775 -16.991  41.816
32.229 -13.884  43.301
30.942 -16.037  46.205
32.640 -18.254  48.806
32.495 -21.978  47.959
32.112 -24.647  50.601
35.687 -26.048  50.204
36.897 -22.485  49.761
35.531 -21.620  53.215
36.974 -24.641  54.977
40.319 -23.949  53.350
40.175 -20.260  54.387
39.092 -20.918  57.918
41.926 -23.341  58.408
44.432 -20.502  57.851
42.897 -18.833  60.846
43.638 -21.928  62.828
47.318 -21.910  61.802
47.594 -18.242  62.600
46.137 -18.741  66.101
48.291 -21.855  66.645
51.390 -19.748  65.851
50.233 -17.112  68.340
49.795 -19.778  71.034
53.182 -21.255  70.258
54.635 -17.746  70.546
52.866 -16.802  73.799
53.792 -20.103  75.459
57.438 -19.579  74.646
57.409 -15.954  75.669
55.927 -16.739  79.034
58.468 -19.535  79.513
61.399 -17.244  78.848
59.951 -14.703  81.253
59.985 -17.360  83.898
56.301 -18.091  84.135
55.715 -21.663  82.840
52.633 -22.203  84.864
50.551 -19.621  82.872
52.043 -21.049  79.748
51.206 -24.560  80.930
47.583 -23.804  81.307
47.268 -21.882  78.079
48.637 -24.959  76.343
46.456 -27.316  78.331
43.433 -25.305  77.276
44.463 -25.267  73.626
44.535 -29.052  73.491
40.764 -28.985  73.974
39.836 -25.631  72.549
41.390 -26.118  69.120
39.657 -29.426  68.194
36.365 -28.321  69.833
36.172 -24.937  68.114
37.318 -26.566  64.854
34.418 -29.032  65.123
31.947 -26.342  66.126
33.003 -24.034  63.321
32.617 -26.883  60.793
29.075 -27.719  61.899
28.165 -24.065  61.598
29.572 -24.043  58.023
27.898 -27.250  56.916
24.694 -25.785  58.196
25.209 -22.457  56.359
26.032 -24.290  53.150
23.815 -27.239  53.105
20.915 -43.121  -5.568
18.993 -44.824  -2.753
19.207 -48.284  -1.192
19.272 -51.482  -3.283
15.924 -53.287  -2.933
15.422 -56.836  -1.578
15.341 -59.947  -3.820
13.014 -61.522  -1.230
12.371 -59.367   1.842
15.847 -59.774   3.576
17.823 -57.050   5.355
20.847 -55.587   3.561
24.079 -57.009   5.006
27.060 -54.688   5.203
30.333 -56.437   5.858
32.836 -54.355   7.727
36.433 -54.440   8.782
38.854 -52.131  10.515
42.609 -52.325  10.007
44.694 -50.171  12.377
47.551 -48.269  10.865
48.373 -46.014  13.853
47.539 -45.795  17.573
48.532 -42.783  19.606
47.649 -40.554  22.540
45.944 -42.882  24.935
45.148 -40.028  27.325
44.253 -41.376  30.766
42.664 -38.216  32.133
40.383 -37.614  29.124
39.808 -41.329  28.622
40.319 -41.037  24.866
42.808 -42.424  22.267
43.500 -41.528  18.611
43.269 -44.057  15.784
44.250 -44.079  12.124
42.881 -47.024  10.104
41.341 -48.594   6.937
37.573 -49.027   7.154
36.294 -51.574   4.713
32.679 -51.953   3.592
31.060 -54.604   1.365
27.522 -55.251   0.228
25.449 -56.462  -2.747
23.836 -53.918  -5.050
22.191 -55.730  -7.953
21.416 -52.584  -9.914
25.178 -52.648 -10.427
25.869 -56.222 -11.769
27.163 -57.131 -15.290
28.347 -59.904 -17.666
31.831 -61.337 -16.852
32.438 -62.715 -20.470
30.630 -59.917 -22.435
32.329 -57.066 -20.570
35.928 -58.277 -20.723
36.682 -56.487 -17.435
36.990 -58.577 -14.265
35.801 -55.722 -11.985
34.801 -52.038 -12.272
35.561 -48.783 -10.306
33.240 -45.896  -9.246
33.478 -42.485  -7.576
31.658 -42.254  -4.210
28.855 -39.938  -5.518
28.007 -42.155  -8.491
26.619 -45.077  -6.329
24.736 -45.763  -3.083
27.007 -46.170  -0.113
25.676 -47.030   3.304
26.151 -44.380   5.989
28.385 -46.128   8.570
29.199 -43.993  11.633
31.201 -44.454  14.839
29.286 -44.297  18.121
32.029 -43.299  20.610
33.851 -40.560  18.740
34.249 -36.869  19.534
33.633 -35.721  15.993
32.688 -37.307  12.773
35.845 -39.159  11.579
38.167 -37.772   8.850
37.868 -39.915   5.753
39.382 -40.299   2.293
37.807 -42.822   0.124
40.728 -44.951  -1.138
38.887 -47.091  -3.661
35.438 -48.539  -4.644
35.311 -51.808  -6.654
32.251 -53.548  -8.108
32.451 -57.074  -9.377
30.201 -58.945 -11.916
27.594 -60.208  -9.543
27.277 -56.519  -8.278
29.235 -56.955  -5.055
30.735 -53.617  -4.009
34.063 -53.370  -2.128
34.555 -50.002  -0.447
37.749 -48.888   1.257
38.483 -45.682   3.184
41.333 -44.441   5.313
40.148 -42.492   8.355
41.440 -40.942  11.553
39.363 -40.305  14.666
39.471 -39.502  18.402
37.616 -42.268  20.274
36.003 -42.071  23.750
36.422 -45.194  25.795
36.273 -45.540  29.602
39.211 -47.067  31.527
39.120 -49.045  34.719
41.762 -47.427  36.931
41.284 -49.886  39.836
44.646 -51.611  39.333
46.753 -48.639  38.153
49.450 -48.702  37.264
49.234 -52.521  36.839
46.015 -52.357  34.836
44.683 -53.652  31.525
42.014 -52.131  29.400
39.686 -53.061  26.571
39.366 -50.132  24.188
36.226 -50.166  21.966
35.408 -48.805  18.537
31.678 -49.149  17.845
30.484 -49.136  14.178
26.827 -48.376  13.628
24.287 -48.017  10.801
20.694 -46.798  10.860
18.069 -48.441   8.642
16.379 -46.453   5.932
12.700 -46.404   4.984
12.670 -48.949   2.164
14.845 -51.514   4.110
16.826 -52.624   7.113
20.573 -52.548   7.056
22.542 -54.933   9.213
26.279 -55.124  10.005
28.749 -58.058   9.962
32.441 -58.608  10.426
34.538 -59.934   7.586
37.405 -61.341   9.790
39.601 -61.428   6.748
39.772 -57.641   7.011
40.147 -57.002  10.706
43.730 -56.506  11.797
46.569 -54.117  12.542
50.032 -53.529  11.132
53.097 -54.866  13.149
54.601 -51.424  14.020
51.404 -50.172  15.692
52.896 -49.170  18.986
50.906 -47.222  21.617
53.385 -45.515  23.923
53.408 -46.853  27.494
51.125 -49.697  26.626
51.426 -53.268  25.269
49.019 -54.264  22.592
47.437 -57.672  23.186
44.882 -58.003  20.345
42.401 -56.409  17.938
39.238 -58.424  17.387
35.519 -57.827  16.653
32.565 -59.365  18.351
30.996 -61.000  15.283
27.329 -60.788  16.299
25.860 -57.187  15.999
23.672 -55.677  18.741
20.452 -54.749  16.877
17.988 -52.388  18.562
15.416 -49.659  17.855
16.275 -46.027  18.314
13.665 -43.445  17.646
11.581 -45.772  15.548
14.200 -47.221  13.163
16.453 -50.144  13.485
20.078 -49.506  14.338
22.805 -52.208  13.846
25.951 -51.843  16.050
29.323 -53.743  16.106
31.970 -53.875  18.942
35.636 -53.814  17.799
37.941 -54.397  20.798
41.479 -53.336  21.277
43.096 -55.190  24.222
46.049 -53.430  25.815
48.035 -53.528  29.002
49.990 -50.790  30.694
53.756 -50.972  30.927
54.218 -50.442  34.592
57.957 -50.585  34.477
58.797 -46.927  34.760
56.389 -46.264  37.650
58.853 -48.290  39.732
61.938 -46.030  39.613
59.958 -42.796  39.075
57.318 -42.984  41.749
56.985 -46.144  43.840
60.613 -46.561  44.989
61.195 -42.825  45.700
58.095 -42.876  47.671
59.237 -45.855  49.743
62.733 -44.329  50.261
61.292 -41.208  51.768
59.017 -43.258  54.006
61.908 -45.422  55.242
63.948 -42.273  55.880
61.077 -41.209  58.135
61.466 -44.282  60.255
65.047 -43.396  61.177
63.374 -41.199  63.767
62.824 -44.447  65.710
66.568 -44.599  66.340
66.839 -40.977  67.525
66.097 -39.336  70.905
66.196 -35.811  69.386
62.673 -34.352  69.184
63.802 -31.436  67.065
65.562 -33.850  64.658
62.632 -36.215  64.466
60.091 -33.541  63.884
62.250 -32.454  60.925
62.663 -35.941  59.589
59.012 -36.794  59.769
57.482 -33.573  58.600
59.971 -33.059  55.752
59.410 -36.469  54.251
55.602 -36.062  54.712
55.915 -33.040  52.541
57.770 -34.973  49.829
55.029 -37.549  50.100
52.405 -34.932  49.399
54.429 -34.030  46.304
54.291 -37.539  44.925
50.605 -37.661  45.759
49.892 -34.483  43.887
52.073 -35.659  40.928
50.316 -39.004  40.772
46.838 -37.523  40.976
47.456 -34.939  38.149
48.043 -37.914  35.787
44.804 -39.704  36.631
41.208 -38.648  36.234
39.025 -38.524  39.323
37.389 -41.855  39.993
34.451 -42.802  42.196
36.533 -45.807  43.503
39.891 -46.173  45.253
42.671 -47.090  42.811
45.520 -49.400  43.842
48.250 -46.685  43.859
45.648 -44.325  45.312
45.223 -46.649  48.287
48.923 -47.154  48.964
49.446 -43.385  48.803
46.520 -42.812  51.230
47.549 -45.479  53.660
51.049 -44.049  53.829
49.572 -40.787  55.242
48.337 -42.866  58.124
51.864 -43.989  58.706
53.214 -40.464  58.827
50.483 -39.378  61.183
51.200 -42.247  63.588
55.031 -41.683  63.364
54.392 -38.035  64.344
52.317 -39.202  67.332
55.092 -41.602  68.380
57.712 -38.907  68.066
55.409 -36.643  70.152
54.794 -39.283  72.856
58.456 -40.199  73.137
59.377 -36.561  73.581
56.611 -35.942  76.068
57.569 -38.871  78.281
61.229 -37.787  78.182
60.335 -34.257  79.336
58.282 -35.786  82.099
61.202 -37.683  83.304
60.226 -41.134  82.175
62.695 -42.221  79.413
62.295 -45.883  79.997
58.611 -45.998  78.796
59.612 -43.774  75.936
62.523 -46.130  75.240
60.305 -49.152  74.923
57.654 -47.481  72.809
60.407 -46.480  70.333
61.923 -49.962  70.507
58.565 -51.470  69.703
58.009 -49.009  66.838
61.231 -50.067  65.135
59.637 -53.430  64.503
55.914 -52.598  64.465
56.122 -49.953  61.696
57.932 -52.004  59.041
55.902 -55.149  59.994
52.438 -53.572  59.919
53.448 -51.707  56.746
54.304 -55.065  55.139
51.136 -56.787  56.426
48.879 -53.922  55.307
50.449 -54.047  51.843
49.903 -57.768  51.413
46.309 -57.273  52.492
45.929 -54.514  49.832
47.525 -56.445  46.981
45.200 -59.291  47.869
42.080 -57.066  47.819
43.097 -55.485  44.535
44.545 -58.345  42.613
40.238 -40.643 -15.420
41.659 -43.988 -14.337
45.140 -45.541 -14.431
47.321 -45.538 -17.559
47.454 -49.073 -18.989
50.641 -51.136 -19.525
52.585 -51.142 -22.840
53.637 -54.711 -21.993
52.397 -55.982 -18.617
54.766 -53.894 -16.328
53.879 -52.139 -13.062
53.389 -48.345 -13.060
56.461 -46.651 -11.530
55.927 -43.462  -9.568
58.997 -41.506  -8.898
58.934 -39.532  -5.674
60.951 -36.787  -3.955
60.574 -34.960  -0.640
62.264 -31.581  -0.167
61.996 -30.214   3.416
61.273 -26.578   3.746
60.549 -26.471   7.500
60.973 -28.700  10.619
59.502 -27.829  13.966
57.954 -29.157  17.189
59.860 -32.314  17.767
57.800 -33.192  20.790
59.583 -35.819  22.937
56.602 -36.801  25.015
54.211 -37.329  22.051
56.962 -38.699  19.844
55.922 -36.572  16.866
57.356 -33.700  14.741
55.908 -31.287  12.182
57.093 -31.026   8.619
56.504 -28.678   5.736
57.915 -29.720   2.332
57.601 -30.193  -1.449
56.416 -33.622  -2.534
57.211 -34.416  -6.154
55.666 -37.199  -8.201
56.494 -38.373 -11.704
55.120 -41.124 -13.922
54.450 -41.989 -17.602
50.916 -41.578 -18.929
50.824 -42.299 -22.662
47.244 -41.133 -23.217
48.743 -37.690 -22.606
51.552 -37.680 -25.220
51.474 -35.170 -28.088
53.359 -33.890 -31.161
55.609 -30.949 -30.146
55.218 -29.459 -33.670
51.410 -29.145 -34.336
51.136 -27.808 -30.770
53.978 -25.190 -30.832
54.778 -25.986 -27.190
57.506 -27.913 -25.345
55.278 -28.798 -22.388
51.595 -28.795 -21.392
49.867 -27.757 -18.138
46.971 -29.411 -16.334
44.672 -28.903 -13.401
44.645 -31.791 -10.896
41.112 -33.017 -11.777
41.789 -33.036 -15.526
44.230 -36.053 -15.372
44.900 -39.272 -13.444
47.149 -38.722 -10.440
48.276 -41.561  -8.211
46.980 -41.485  -4.670
50.174 -41.287  -2.603
49.668 -41.225   1.154
51.924 -41.044   4.265
51.782 -44.012   6.569
52.880 -42.468   9.889
50.795 -39.322  10.082
48.033 -38.170  12.461
45.808 -36.824   9.736
45.896 -36.749   6.016
48.528 -34.134   5.074
47.585 -30.572   4.036
48.383 -30.129   0.379
48.500 -27.476  -2.286
49.175 -28.613  -5.759
51.889 -26.217  -6.947
52.188 -27.319 -10.541
51.585 -30.213 -13.015
53.669 -30.470 -16.215
53.378 -32.955 -19.066
56.172 -33.301 -21.604
55.687 -34.594 -25.199
56.170 -38.301 -24.541
53.553 -37.962 -21.771
55.850 -37.875 -18.761
54.007 -36.098 -15.927
55.814 -33.941 -13.364
53.654 -33.237 -10.297
54.646 -30.850  -7.493
52.729 -30.182  -4.257
53.552 -28.320  -1.070
52.301 -30.042   2.059
52.474 -29.862   5.825
51.926 -32.807   8.226
52.338 -34.071  11.771
54.451 -37.220  11.691
54.486 -40.008  14.336
57.889 -41.457  14.867
59.192 -43.365  17.859
62.359 -42.189  19.675
64.902 -44.224  21.544
65.359 -42.478  24.868
68.085 -44.817  26.122
70.867 -42.263  25.914
68.929 -39.076  26.738
69.952 -36.394  26.699
73.024 -37.503  24.629
70.878 -39.370  22.109
70.373 -39.423  18.332
67.256 -40.385  16.456
66.188 -41.422  12.995
62.944 -39.803  12.022
60.937 -41.530   9.233
58.518 -40.280   6.710
56.902 -43.316   4.945
55.347 -42.761   1.469
52.880 -45.393   0.352
50.582 -46.251  -2.589
48.049 -49.017  -3.067
47.559 -50.829  -6.390
44.355 -50.475  -8.315
42.506 -53.239 -10.102
43.819 -52.794 -13.695
47.484 -52.462 -12.537
50.247 -52.405  -9.876
51.793 -49.168  -8.832
55.262 -49.117  -7.405
57.290 -46.264  -5.879
60.842 -45.037  -6.574
63.125 -42.277  -5.295
64.440 -39.763  -7.773
67.553 -38.715  -5.767
67.670 -35.576  -7.784
64.675 -34.353  -5.828
65.337 -35.392  -2.257
66.757 -32.578  -0.145
66.190 -29.831   2.404
66.858 -26.129   2.410
69.901 -24.778   4.381
67.906 -22.846   7.039
65.926 -25.938   8.120
66.690 -25.794  11.813
64.988 -28.044  14.352
65.118 -26.423  17.810
67.377 -28.288  20.282
68.494 -30.756  17.632
71.264 -30.930  14.978
70.251 -32.132  11.587
72.629 -34.741  10.186
71.001 -35.845   6.892
67.849 -36.418   4.862
68.019 -39.474   2.600
65.656 -42.126   1.251
66.116 -45.855   1.235
65.923 -46.343  -2.597
64.278 -49.738  -2.687
60.504 -49.822  -1.704
59.156 -52.459   0.643
56.400 -54.187  -1.390
53.727 -56.238   0.439
50.127 -57.268   0.341
47.516 -55.621   2.486
43.933 -56.830   2.259
44.443 -58.415  -1.118
46.141 -55.595  -2.883
49.730 -54.817  -3.282
51.048 -51.809  -1.430
54.435 -50.091  -2.259
56.145 -48.221   0.626
59.238 -45.896   0.776
61.323 -44.884   3.871
62.599 -41.272   3.968
64.995 -40.844   6.926
65.852 -37.684   8.757
68.940 -38.124  10.988
69.217 -35.825  13.919
71.083 -35.558  17.196
70.127 -33.748  20.374
71.965 -30.665  21.473
72.769 -31.751  24.974
74.543 -28.554  25.870
71.924 -26.869  27.974
71.100 -29.965  30.107
74.508 -29.424  31.658
73.988 -26.080  33.406
70.159 -26.445  33.804
69.856 -29.967  35.293
73.033 -32.014  35.570
75.345 -29.661  37.448
72.603 -28.340  39.796
71.749 -31.864  40.582
75.440 -32.591  41.369
75.928 -29.441  43.494
73.036 -30.362  45.716
74.394 -33.920  46.106
77.837 -32.620  47.028
76.306 -30.175  49.492
74.744 -33.236  51.125
78.121 -34.816  51.697
79.215 -31.919  53.878
77.322 -33.794  56.551
80.404 -36.033  56.688
82.375 -33.154  58.266
79.708 -32.372  60.880
79.038 -33.932  64.298
75.644 -32.152  64.479
72.705 -34.605  64.060
70.186 -31.789  63.719
72.360 -30.017  61.192
73.030 -33.151  59.187
69.428 -34.250  59.067
68.686 -30.822  57.636
71.422 -30.964  55.093
70.478 -34.398  53.883
66.745 -34.189  53.842
66.687 -30.702  52.309
68.867 -31.592  49.363
66.953 -34.887  48.906
63.896 -32.772  48.371
65.613 -30.600  45.747
66.612 -33.847  44.108
63.010 -34.929  43.968
62.185 -31.597  42.288
64.766 -32.195  39.535
63.501 -35.764  39.209
59.960 -34.537  38.719
61.129 -31.800  36.296
63.069 -34.256  34.190
60.287 -36.831  34.083
57.636 -34.321  32.862
59.737 -33.745  29.732
60.045 -37.422  28.762
57.491 -40.027  27.883
57.291 -43.122  30.053
59.532 -45.847  28.723
59.678 -49.575  29.376
63.483 -49.195  29.708
65.763 -47.199  32.025
67.205 -44.084  30.295
70.685 -42.793  30.960
69.634 -39.673  32.950
66.872 -41.776  34.461
69.489 -44.157  35.910
71.752 -41.455  37.277
68.704 -39.835  38.911
67.601 -43.167  40.426
70.990 -44.170  41.695
71.405 -40.818  43.440
68.390 -41.639  45.623
70.379 -44.598  46.827
73.150 -42.235  47.805
70.744 -40.082  49.848
69.299 -43.066  51.577
72.725 -44.399  52.566
73.839 -40.880  53.683
70.767 -40.710  55.982
71.712 -44.083  57.403
75.262 -42.885  58.039
74.006 -39.729  59.632
71.746 -41.853  61.835
74.385 -44.409  62.820
76.910 -41.677  63.640
74.407 -39.977  65.915
73.310 -43.162  67.532
76.827 -44.234  68.388
77.558 -40.792  69.799
74.558 -40.877  72.141
75.604 -44.315  73.281
78.943 -42.903  74.275
81.081 -44.314  71.550
82.331 -41.356  69.397
85.411 -43.098  68.189
83.503 -45.740  66.094
81.297 -42.978  64.877
84.379 -40.892  64.000
85.882 -43.586  61.825
82.667 -44.437  60.063
82.377 -40.708  59.155
86.037 -40.539  58.237
85.587 -43.446  55.917
82.472 -41.935  54.318
84.261 -38.805  53.312
86.219 -40.960  50.868
83.827 -43.825  50.213
80.905 -41.694  49.008
82.724 -39.659  46.324
84.744 -42.733  45.228
81.808 -45.128  44.941
79.823 -42.335  43.267
82.555 -41.928  40.669
82.973 -45.680  40.202
79.206 -46.235  39.777
79.048 -43.494  37.167
81.885 -44.915  35.105
80.141 -48.254  35.219
76.855 -46.632  33.966
78.479 -44.618  31.139
80.106 -47.802  30.037
76.801 -49.736  30.114
75.004 -46.956  28.252
77.505 -45.713  25.808
43.980 -18.783 -17.409
47.748 -19.139 -17.564
50.596 -16.656 -17.303
50.706 -13.495 -19.403
53.360 -13.831 -22.132
56.439 -11.585 -22.559
56.436  -8.509 -24.857
60.182  -9.164 -25.419
61.601 -12.051 -23.393
61.533 -10.369 -19.896
60.544 -12.032 -16.603
57.153 -11.140 -15.074
57.555  -8.677 -12.181
55.177  -9.031  -9.232
55.202  -6.103  -6.920
54.364  -6.918  -3.376
53.654  -5.337  -0.063
52.635  -6.377   3.427
50.755  -4.082   5.763
50.472  -5.376   9.337
47.118  -5.011  11.037
47.750  -7.255  14.093
50.739  -8.871  15.860
50.288 -11.336  18.660
51.567 -14.448  20.414
55.298 -14.055  20.103
55.940 -17.413  21.688
59.553 -17.612  22.922
59.574 -21.377  23.435
58.054 -22.277  20.014
59.926 -19.442  18.318
56.783 -18.383  16.471
54.506 -15.293  16.198
51.039 -14.729  14.647
50.354 -11.994  12.134
47.313 -10.482  10.497
47.986  -8.259   7.435
47.103  -6.981   3.939
49.127  -8.637   1.206
49.232  -6.604  -1.948
50.193  -7.876  -5.378
50.624  -5.999  -8.670
51.622  -7.061 -12.165
51.006  -6.331 -15.884
48.691  -8.643 -17.806
48.216  -7.237 -21.325
45.458  -9.669 -22.271
43.460  -7.514 -19.857
44.144  -3.903 -21.148
41.266  -1.720 -22.373
40.385   1.806 -23.630
39.651   4.633 -21.100
37.886   7.169 -23.437
35.575   4.670 -25.199
35.198   2.418 -22.140
33.806   5.297 -20.140
35.055   3.414 -17.007
38.583   4.114 -15.792
39.110   0.906 -13.804
37.705  -2.619 -14.171
36.989  -5.347 -11.530
37.384  -9.160 -11.403
36.707 -12.199  -9.261
39.799 -14.256  -8.419
38.886 -17.250 -10.722
38.199 -15.029 -13.709
41.950 -14.039 -14.213
45.497 -15.308 -13.776
46.930 -14.523 -10.350
50.444 -15.461  -9.406
50.822 -18.088  -6.656
52.700 -16.227  -3.903
53.502 -18.323  -0.867
55.171 -17.686   2.520
58.298 -19.704   3.167
58.410 -19.796   7.017
54.836 -20.521   7.954
53.311 -23.511   9.737
50.396 -23.838   7.357
49.297 -22.157   4.209
47.970 -18.714   5.311
44.253 -17.958   5.682
43.245 -15.504   3.002
40.203 -13.420   1.961
40.585 -11.732  -1.356
39.567  -8.117  -0.614
39.645  -6.662  -4.100
41.105  -7.023  -7.628
41.371  -3.906  -9.817
42.519  -3.737 -13.456
43.426  -0.410 -15.022
43.503   0.560 -18.771
47.050  -0.514 -19.539
46.138  -3.923 -17.965
47.920  -3.342 -14.667
46.318  -5.580 -12.018
46.073  -4.512  -8.329
45.397  -7.435  -6.018
44.584  -7.104  -2.323
44.002  -9.838   0.265
43.737  -9.917   3.995
45.508 -12.907   5.552
46.494 -14.391   8.887
49.395 -16.744   9.508
51.599 -18.390  12.139
55.227 -17.613  11.271
58.383 -19.574  12.252
61.296 -17.351  13.049
64.352 -18.144  15.178
65.231 -15.907  18.181
68.651 -15.158  19.552
68.352 -15.665  23.313
71.951 -14.721  24.134
71.029 -11.421  25.788
67.679 -12.402  27.421
65.821 -10.718  28.760
67.638  -7.589  27.399
67.506  -8.928  23.818
66.301  -7.679  20.449
65.090  -9.706  17.533
64.474  -9.421  13.806
61.406 -11.366  12.833
61.163 -12.389   9.152
58.316 -13.030   6.784
59.681 -14.457   3.489
57.475 -14.175   0.361
58.196 -16.517  -2.487
57.085 -17.399  -6.002
58.079 -20.262  -8.274
58.435 -19.736 -12.023
56.083 -21.491 -14.382
57.010 -23.223 -17.661
56.201 -20.372 -20.091
57.939 -17.642 -18.015
59.986 -16.544 -15.057
58.265 -14.626 -12.310
60.248 -12.279 -10.099
59.278 -10.340  -6.956
59.691  -6.693  -5.941
58.815  -4.436  -3.079
56.432  -1.514  -3.670
57.561   0.547  -0.582
54.366   2.504  -0.863
52.559  -0.529   0.379
54.723  -1.775   3.196
53.743  -0.591   6.639
51.810  -1.300   9.815
48.984   0.379  11.669
49.787   2.546  14.745
47.970   0.356  17.325
49.947  -2.783  16.334
51.182  -3.702  19.786
52.986  -7.014  20.505
52.698  -7.756  24.227
56.013  -7.607  26.122
57.866  -6.225  23.111
58.548  -2.821  21.529
58.186  -2.578  17.778
61.040  -0.727  16.115
60.354  -1.039  12.350
58.803  -3.070   9.526
60.810  -2.887   6.312
61.555  -5.111   3.310
64.934  -5.812   1.805
64.196  -4.541  -1.723
66.338  -6.932  -3.783
64.925 -10.523  -4.024
67.101 -13.601  -3.569
66.660 -15.568  -6.810
67.777 -19.217  -6.928
66.983 -22.566  -8.533
65.007 -25.135  -6.640
64.362 -28.450  -8.282
64.909 -27.122 -11.756
62.734 -24.014 -11.625
63.550 -20.477 -10.636
62.262 -19.304  -7.316
62.157 -15.538  -6.310
62.198 -14.781  -2.564
61.742 -11.504  -0.518
62.686 -10.764   3.115
60.204  -8.641   5.139
61.744  -7.696   8.528
60.016  -6.867  11.746
62.452  -5.375  14.277
61.430  -5.642  17.908
63.003  -5.399  21.312
61.856  -6.983  24.573
60.480  -4.971  27.406
62.720  -6.175  30.169
61.104  -3.999  32.823
59.069  -6.602  34.605
61.852  -9.166  34.818
63.381  -6.800  37.335
60.831  -7.000  40.194
59.548 -10.498  39.262
62.801 -12.464  38.917
66.074 -10.587  39.171
65.590  -8.680  42.455
63.894 -11.593  44.335
66.744 -13.760  43.221
69.278 -11.238  44.556
67.346 -10.801  47.775
67.468 -14.463  48.598
71.191 -14.623  47.713
71.961 -11.671  50.073
69.877 -13.256  52.827
72.224 -16.246  52.404
75.228 -14.131  53.198
73.911 -13.258  56.630
75.332 -16.622  57.608
78.707 -14.794  57.565
77.634 -12.855  60.693
76.484 -16.037  62.521
78.429 -18.578  64.573
75.468 -20.987  64.625
76.072 -23.980  62.320
72.459 -25.071  62.569
71.208 -21.623  61.753
73.615 -21.191  58.885
72.896 -24.524  57.344
69.257 -23.497  57.367
69.857 -20.089  55.887
71.966 -21.402  53.074
70.144 -24.518  52.058
66.744 -22.818  52.294
67.643 -19.944  49.998
69.454 -22.381  47.635
66.103 -24.083  47.273
64.297 -20.868  46.436
67.075 -20.309  43.937
66.319 -23.604  42.253
62.652 -22.471  42.039
63.587 -19.318  40.131
65.900 -21.337  37.946
63.107 -23.770  37.081
60.604 -20.922  36.547
62.980 -19.059  34.226
63.958 -22.139  32.207
60.233 -23.120  31.540
59.768 -19.795  29.755
62.748 -20.279  27.392
63.484 -22.879  24.803
66.663 -24.972  25.203
69.579 -23.260  23.492
72.967 -24.629  22.479
74.605 -21.485  23.985
74.589 -19.887  27.421
72.044 -17.032  27.762
72.748 -13.956  29.869
70.230 -14.787  32.639
71.174 -18.431  32.293
74.754 -17.503  33.193
73.894 -15.361  36.161
71.571 -18.104  37.412
74.342 -20.730  36.969
77.076 -18.693  38.506
74.919 -18.101  41.561
74.863 -21.876  42.281
78.631 -21.601  42.596
78.188 -18.998  45.256
75.831 -21.160  47.266
78.130 -24.096  47.027
81.073 -22.038  48.261
78.947 -20.472  51.020
78.105 -24.027  52.196
81.769 -24.997  52.238
82.528 -21.851  54.310
79.737 -22.533  56.737
81.116 -26.074  56.962
84.734 -25.083  57.460
83.890 -22.486  60.109
81.920 -25.017  62.058
84.604 -27.693  61.749
87.329 -25.348  63.041
85.104 -24.298  65.924
84.465 -27.892  67.016
88.183 -28.525  66.782
88.761 -25.743  69.174
90.198 -23.176  66.871
87.681 -20.255  66.643
90.190 -17.656  65.728
90.977 -19.201  62.265
87.275 -19.709  61.822
86.678 -16.107  62.840
88.965 -14.675  60.247
87.771 -16.902  57.433
84.243 -15.593  58.144
85.444 -12.002  58.437
87.142 -12.356  55.102
83.984 -13.878  53.548
81.875 -10.864  54.528
83.914  -8.837  52.042
85.028 -11.451  49.536
81.580 -12.770  48.691
79.899  -9.436  47.788
83.112  -8.184  46.080
83.724 -11.308  43.988
80.014 -11.332  43.145
80.185  -7.773  41.866
83.408  -8.372  39.908
82.034 -11.582  38.341
78.904  -9.740  37.253
80.816  -6.923  35.590
82.890  -9.457  33.716
79.704 -11.235  32.499
77.921  -8.016  31.440
81.048  -7.179  29.555
81.206 -10.582  27.827
77.510 -10.424  26.949
76.953  -6.838  26.070